Ci=0.1;
Ri=16.41;
tau1=0.2;