Re0=0.0055222;
Ra=0.025;
Rlv=0.41279; 
Rv=0.02;
Ce=1.69;Ca=2;Cv=15;
c6=1;c3=0.000498; c2=4.0153; c1=0.01; Ed=0.0655;
Es0=0.57; Rem=10.009; epsilon=0.00001; A1=0.40341; c4=150; c5=18.445;
omega0=8.37;
Tsys= 0.3333*2*pi/omega0;
Tdias= (1-0.3333)*2*pi/omega0;
T=Tsys+Tdias;
